inter 0
0.000 0.000 0.006 0.025 0.056 0.099 

0.000 0.006 0.025 0.056 
0.000 0.000 0.000 0.000 
0.000 0.000 0.000 0.000 
0.000 0.000 0.000 0.000 
0.000 0.000 0.000 0.000 
0.000 0.000 0.000 0.000 
0.000 0.000 0.000 0.000 
0.000 0.000 0.000 0.000 
0.000 0.000 0.000 0.000 
0.000 0.000 0.000 0.000 

inter 1
0.000 0.000 0.006 0.025 0.056 0.006 

0.000 0.006 0.025 0.056 
0.006 0.012 0.031 0.062 
0.000 0.000 0.000 0.000 
0.000 0.000 0.000 0.000 
0.000 0.000 0.000 0.000 
0.000 0.000 0.000 0.000 
0.000 0.000 0.000 0.000 
0.000 0.000 0.000 0.000 
0.000 0.000 0.000 0.000 
0.000 0.000 0.000 0.000 

inter 2
0.000 0.000 0.006 0.025 0.056 0.025 

0.000 0.006 0.025 0.056 
0.006 0.012 0.031 0.062 
0.025 0.025 0.043 0.074 
0.000 0.000 0.000 0.000 
0.000 0.000 0.000 0.000 
0.000 0.000 0.000 0.000 
0.000 0.000 0.000 0.000 
0.000 0.000 0.000 0.000 
0.000 0.000 0.000 0.000 
0.000 0.000 0.000 0.000 

inter 3
0.000 0.000 0.006 0.025 0.056 0.056 

0.000 0.006 0.025 0.056 
0.006 0.012 0.031 0.062 
0.025 0.025 0.043 0.074 
0.056 0.037 0.056 0.086 
0.000 0.000 0.000 0.000 
0.000 0.000 0.000 0.000 
0.000 0.000 0.000 0.000 
0.000 0.000 0.000 0.000 
0.000 0.000 0.000 0.000 
0.000 0.000 0.000 0.000 

inter 4
0.000 0.000 0.006 0.025 0.056 0.099 

0.000 0.006 0.025 0.056 
0.006 0.012 0.031 0.062 
0.025 0.025 0.043 0.074 
0.056 0.037 0.056 0.086 
0.099 0.049 0.068 0.099 
0.000 0.000 0.000 0.000 
0.000 0.000 0.000 0.000 
0.000 0.000 0.000 0.000 
0.000 0.000 0.000 0.000 
0.000 0.000 0.000 0.000 

inter 5
0.000 0.000 0.006 0.025 0.056 0.154 

0.000 0.006 0.025 0.056 
0.006 0.012 0.031 0.062 
0.025 0.025 0.043 0.074 
0.056 0.037 0.056 0.086 
0.099 0.049 0.068 0.099 
0.154 0.062 0.080 0.111 
0.000 0.000 0.000 0.000 
0.000 0.000 0.000 0.000 
0.000 0.000 0.000 0.000 
0.000 0.000 0.000 0.000 

inter 6
0.000 0.000 0.006 0.025 0.056 0.222 

0.000 0.006 0.025 0.056 
0.006 0.012 0.031 0.062 
0.025 0.025 0.043 0.074 
0.056 0.037 0.056 0.086 
0.099 0.049 0.068 0.099 
0.154 0.062 0.080 0.111 
0.222 0.074 0.093 0.123 
0.000 0.000 0.000 0.000 
0.000 0.000 0.000 0.000 
0.000 0.000 0.000 0.000 

inter 7
0.000 0.000 0.006 0.025 0.056 0.302 

0.000 0.006 0.025 0.056 
0.006 0.012 0.031 0.062 
0.025 0.025 0.043 0.074 
0.056 0.037 0.056 0.086 
0.099 0.049 0.068 0.099 
0.154 0.062 0.080 0.111 
0.222 0.074 0.093 0.123 
0.302 0.086 0.105 0.136 
0.000 0.000 0.000 0.000 
0.000 0.000 0.000 0.000 

inter 8
0.000 0.000 0.006 0.025 0.056 0.395 

0.000 0.006 0.025 0.056 
0.006 0.012 0.031 0.062 
0.025 0.025 0.043 0.074 
0.056 0.037 0.056 0.086 
0.099 0.049 0.068 0.099 
0.154 0.062 0.080 0.111 
0.222 0.074 0.093 0.123 
0.302 0.086 0.105 0.136 
0.395 0.099 0.117 0.148 
0.000 0.000 0.000 0.000 

inter 9
0.000 0.000 0.006 0.025 0.056 0.500 

0.000 0.006 0.025 0.056 
0.006 0.012 0.031 0.062 
0.025 0.025 0.043 0.074 
0.056 0.037 0.056 0.086 
0.099 0.049 0.068 0.099 
0.154 0.062 0.080 0.111 
0.222 0.074 0.093 0.123 
0.302 0.086 0.105 0.136 
0.395 0.099 0.117 0.148 
0.500 0.111 0.130 0.160 

