inter 0
0.056 0.099 0.154 0.222 0.302 

0.099 0.154 0.222 
0.000 0.000 0.000 
0.000 0.000 0.000 
0.000 0.000 0.000 
0.000 0.000 0.000 
0.000 0.000 0.000 
0.000 0.000 0.000 
0.000 0.000 0.000 
0.000 0.000 0.000 
0.000 0.000 0.000 

inter 1
0.062 0.099 0.154 0.222 0.006 

0.099 0.154 0.222 
0.006 0.160 0.228 
0.000 0.000 0.000 
0.000 0.000 0.000 
0.000 0.000 0.000 
0.000 0.000 0.000 
0.000 0.000 0.000 
0.000 0.000 0.000 
0.000 0.000 0.000 
0.000 0.000 0.000 

inter 2
0.074 0.099 0.154 0.222 0.025 

0.099 0.154 0.222 
0.006 0.160 0.228 
0.025 0.173 0.241 
0.000 0.000 0.000 
0.000 0.000 0.000 
0.000 0.000 0.000 
0.000 0.000 0.000 
0.000 0.000 0.000 
0.000 0.000 0.000 
0.000 0.000 0.000 

inter 3
0.086 0.099 0.154 0.222 0.056 

0.099 0.154 0.222 
0.006 0.160 0.228 
0.025 0.173 0.241 
0.056 0.185 0.253 
0.000 0.000 0.000 
0.000 0.000 0.000 
0.000 0.000 0.000 
0.000 0.000 0.000 
0.000 0.000 0.000 
0.000 0.000 0.000 

inter 4
0.099 0.099 0.154 0.222 0.099 

0.099 0.154 0.222 
0.006 0.160 0.228 
0.025 0.173 0.241 
0.056 0.185 0.253 
0.099 0.198 0.265 
0.000 0.000 0.000 
0.000 0.000 0.000 
0.000 0.000 0.000 
0.000 0.000 0.000 
0.000 0.000 0.000 

inter 5
0.111 0.099 0.154 0.222 0.154 

0.099 0.154 0.222 
0.006 0.160 0.228 
0.025 0.173 0.241 
0.056 0.185 0.253 
0.099 0.198 0.265 
0.154 0.210 0.278 
0.000 0.000 0.000 
0.000 0.000 0.000 
0.000 0.000 0.000 
0.000 0.000 0.000 

inter 6
0.123 0.099 0.154 0.222 0.222 

0.099 0.154 0.222 
0.006 0.160 0.228 
0.025 0.173 0.241 
0.056 0.185 0.253 
0.099 0.198 0.265 
0.154 0.210 0.278 
0.222 0.222 0.290 
0.000 0.000 0.000 
0.000 0.000 0.000 
0.000 0.000 0.000 

inter 7
0.136 0.099 0.154 0.222 0.302 

0.099 0.154 0.222 
0.006 0.160 0.228 
0.025 0.173 0.241 
0.056 0.185 0.253 
0.099 0.198 0.265 
0.154 0.210 0.278 
0.222 0.222 0.290 
0.302 0.235 0.302 
0.000 0.000 0.000 
0.000 0.000 0.000 

inter 8
0.148 0.099 0.154 0.222 0.395 

0.099 0.154 0.222 
0.006 0.160 0.228 
0.025 0.173 0.241 
0.056 0.185 0.253 
0.099 0.198 0.265 
0.154 0.210 0.278 
0.222 0.222 0.290 
0.302 0.235 0.302 
0.395 0.247 0.315 
0.000 0.000 0.000 

inter 9
0.160 0.099 0.154 0.222 0.500 

0.099 0.154 0.222 
0.006 0.160 0.228 
0.025 0.173 0.241 
0.056 0.185 0.253 
0.099 0.198 0.265 
0.154 0.210 0.278 
0.222 0.222 0.290 
0.302 0.235 0.302 
0.395 0.247 0.315 
0.500 0.259 0.327 

