inter 0
0.222 0.302 0.395 0.500 0.000 

0.302 0.395 0.500 
0.000 0.000 0.000 
0.000 0.000 0.000 
0.000 0.000 0.000 
0.000 0.000 0.000 
0.000 0.000 0.000 
0.000 0.000 0.000 
0.000 0.000 0.000 
0.000 0.000 0.000 
0.000 0.000 0.000 

inter 1
0.228 0.309 0.401 0.506 0.000 

0.302 0.395 0.500 
0.309 0.401 0.506 
0.000 0.000 0.000 
0.000 0.000 0.000 
0.000 0.000 0.000 
0.000 0.000 0.000 
0.000 0.000 0.000 
0.000 0.000 0.000 
0.000 0.000 0.000 
0.000 0.000 0.000 

inter 2
0.247 0.327 0.420 0.525 0.000 

0.302 0.395 0.500 
0.309 0.401 0.506 
0.327 0.420 0.525 
0.000 0.000 0.000 
0.000 0.000 0.000 
0.000 0.000 0.000 
0.000 0.000 0.000 
0.000 0.000 0.000 
0.000 0.000 0.000 
0.000 0.000 0.000 

inter 3
0.278 0.358 0.451 0.556 0.000 

0.302 0.395 0.500 
0.309 0.401 0.506 
0.327 0.420 0.525 
0.358 0.451 0.556 
0.000 0.000 0.000 
0.000 0.000 0.000 
0.000 0.000 0.000 
0.000 0.000 0.000 
0.000 0.000 0.000 
0.000 0.000 0.000 

inter 4
0.321 0.401 0.494 0.599 0.000 

0.302 0.395 0.500 
0.309 0.401 0.506 
0.327 0.420 0.525 
0.358 0.451 0.556 
0.401 0.494 0.599 
0.000 0.000 0.000 
0.000 0.000 0.000 
0.000 0.000 0.000 
0.000 0.000 0.000 
0.000 0.000 0.000 

inter 5
0.377 0.457 0.549 0.654 0.000 

0.302 0.395 0.500 
0.309 0.401 0.506 
0.327 0.420 0.525 
0.358 0.451 0.556 
0.401 0.494 0.599 
0.457 0.549 0.654 
0.000 0.000 0.000 
0.000 0.000 0.000 
0.000 0.000 0.000 
0.000 0.000 0.000 

inter 6
0.444 0.525 0.617 0.722 0.000 

0.302 0.395 0.500 
0.309 0.401 0.506 
0.327 0.420 0.525 
0.358 0.451 0.556 
0.401 0.494 0.599 
0.457 0.549 0.654 
0.525 0.617 0.722 
0.000 0.000 0.000 
0.000 0.000 0.000 
0.000 0.000 0.000 

inter 7
0.525 0.605 0.698 0.802 0.000 

0.302 0.395 0.500 
0.309 0.401 0.506 
0.327 0.420 0.525 
0.358 0.451 0.556 
0.401 0.494 0.599 
0.457 0.549 0.654 
0.525 0.617 0.722 
0.605 0.698 0.802 
0.000 0.000 0.000 
0.000 0.000 0.000 

inter 8
0.617 0.698 0.790 0.895 0.000 

0.302 0.395 0.500 
0.309 0.401 0.506 
0.327 0.420 0.525 
0.358 0.451 0.556 
0.401 0.494 0.599 
0.457 0.549 0.654 
0.525 0.617 0.722 
0.605 0.698 0.802 
0.698 0.790 0.895 
0.000 0.000 0.000 

inter 9
0.722 0.802 0.895 1.000 0.000 

0.302 0.395 0.500 
0.309 0.401 0.506 
0.327 0.420 0.525 
0.358 0.451 0.556 
0.401 0.494 0.599 
0.457 0.549 0.654 
0.525 0.617 0.722 
0.605 0.698 0.802 
0.698 0.790 0.895 
0.802 0.895 1.000 

